 66512643165561224551224334662131122215525364316664126442231444546666541361131631
 32315432565343232225245252344311441313553426633144662526644415452522161342345543
 42434321652531612222255412266423656321426663653114233663223165453315456345634235
 51256561266645366144611564311115133123232126656553253332163164611212434636634513
 21353652251642663146542535215521565154413611261615562155616461551416141441561651
 42656541521666246154232321426663151145226326233242655126252251455563424445361615
 13614633141121616251615444545366151544152364356314516444131111116154512142511451
 42111534644145154535143324463526121113516324122565462634363655556561241262514163
 33625455143531421535545135434116312241644221362344232644416211242355343165124252
 65152523544551126544253654412612516162445134235223541146426616161161235141454266
 44551422422432531553356435255122416542624256333321656622436242423466551216232464
 52543126133215444423543466645334511213116436213655232512465231512622233266126325
 31211441263354456611211113144641612141116435113113245451114662163261211265116421
 55624645334633263325444255221336221126552256616331116535461425451663542111111135
 56343212365234423111321441554413346651126642314615641124212643266165266164334625
 13515225422632642452461123524465646562333535123261331342623363261146263455351516
 33666162432141144154333252332325525524666114212526353561634256631513212222633124
 51231334142645626141362655151666112356153351243161231426345434356614523251316125
 42224152636464356141466631632551112521125164433341521413411166161343555355132416
 52634415424423451146615522162656253524365636315413413254354453411153423225256626
