 66512653165561224651225335662141122316525365316664126552242445546666541361131631
 32316433566343242226356352355321541414663426633254662526654415452522161442345653
 52434322662531612222255412266524666321426663663115233664223165454325456446635245
 51356661266645366144612664321116134123233136656553253333164164611222535646635513
 31464663362653664256643645326631666265514611361615663256626562562416251542662662
 42656542521666246265242321426664162145226326234242665226262251566663424446462615
 14625644152131626352626555656466161555263465466415616454242111116165613153621562
 43111534645146155546143324463626131113516324122665462634464655666661251262614163
 33626465153532521535655136435116312251655221362455242645516211242356353165125253
 66153534545652126654253664513612526162456144245233541146526616162161235141465266
 54551432423432541653366435255132516552624256343421656623436243423466661316233564
 62554126144315544533553466645434512213116436313655233512466231612622333266126325
 31211441263354456611211113144641612141116435113113245451114662163261211265116421
 66635655445644364435555366331446332136663356616442226646462536462664653211212245
 56343213465234433111431542655413346661226643315625651124212643266265266164335626
 13515235423633642462461123625465656562343636123262331442634463261146263456361516
 43666162532141155165433352332335525535666214212626353661634256631513313223643135
 51231334142645626141362655151666112356153351243161231426345434356614523251316125
 53335263646465466252566641643561113532135165544452531524521166161454666466243516
 62634415524424461146615522162666263624365646416513413265364563511163423226256626
 61516345623264362634146653655664655561262511246422135633211661455135244324341263
 65151462561526322136461134244413221256335466332435364416124454665623655515441613
 43163664343632424621462235226552662252615261443634163215626565163211462222355551
 56466262242646261331552666455463432351565652661633611266245614246464553242431424
 25644651451665645313636162233525321626654154646361663562614266611612666214561521
 16156246665556546636656335416556465312361145632625512434264242211641161265656242
 22164514221431424533542346254345543223545516652335512645663326664316662343336463
 44346135456356666565622345313536153165633656456335126243664346255564356534562434
 36253452166124563116663442515231145313522423162363362545626431445365546611216346
 66643444311354163646531652615664551124544562211465441436526365653665342622232211
 45111652612466165532624236356453164162352422321163365612646515114422656622244354
 14464551431242514661662216534214644321363366556146245455331651445666115445322336
 43611434432566354265622454666623213246612256615424125363652534144466351465465226
 31366554636333662626656414236212336215616533132313311242664514636551331314526646
 66314463144536514636651342235255216655262544424116165122344152563456266343615425
 24136352666146314323256446211643345164352366226552166644554641165614232461363351
 56543231615624415631266336553531415626111563233625644666445621161653664643265456
 54533566261316464653346555323331614164613134663356514452213436516225525121516634
 14442552124665516362164144646341614152253643423342551155552515565213331624156413
 66665453633413224556541355126365364142324665216555431455266126556252314662422466
 33261616611555463534223464633636155145636664444626331666362645452266661551234525
 52431366444212331226264326661435561636663314436541361612562645424426366536262146
 65366446633365636656542452665515333261153412214163156224313154526236244415636336
 43455115323665511434165656513366634435256546221263662456336656541314122665616635
 24352315363256216611616561463214642163523131651631632661646266654163344546544626
 12162256165153452615452335626511626234133541115215643266651632633645341525635346
 42461355351553146664645431364161336364122266463452646512536246262121422641511145
 32113256262111312344531561514326536644563663113346612662642464356244632131331554
 55643146266634541134336362446114561164124116553665221146213114463563215625563151
 63666516211556136441132561165254443324334312325352364544544352626341664335566314
 43216564223424341331663442362646356335656221645612661344464661415342136151235625
 25141516265236163265113225621532245325244656656166666211663645262623436135123632
 22442542146655646312225636223464541134231125521442563365216446124226642653424461
 46165616553565216664251413151234243634512156566465113153361413226422162266256225
 26233552522234115315534552463265616355441653264625461135264512313341114162461162
 31534353634165321331636266215351333651244643364436433443353111243431545232552224
 66423641352365631615431516626335366564622141634625561541333366125164465663665356
 36163135354255655424213461226122621233661466264636346516621532634646335465324616
 33524416462654351214653314665661242513441536253264551112412266314564631113621236
 15616156265126565161161453566446236634643455334133242316556423235131515153515211
 35656533365521333464261451262334122665224616641361611656664236541636552242645165
 56344134546533625563616214613536453166443325566356656566261443412611554116666624
 11461316443614165153563442234665633663626221626335613256463152545243435446532565
 56563533141225632364141624262616466642345366162212626626336516455352466235134255
 46231253134662526656661464122555411525121521662556446516211356126161662643632226
 54134644662564363363556152364362664361656226656214462366525155245664661513461211
 46166641546262641336411646666143652546623442646662632625624521125362164431524423
 25611462144146666165431413154325126156363666556356122153356612523431356546423356
 41256414415546112236113655212211335216646434445612613312132463526351255231616516
 12553166356632666635552642623534612221245131226212666153335522212334446243355366
 64462615566616142415431656565344113214653543456531263361241165465626314551126161
 16446463563242633554231243141152126665235451653332644661265363514363126564652265
 52651166526166426631626364424252356355336235266163164614455663121655511423143142
 51642316165416415255216523136363351421321162132546361253455314642613645654156333
 53266535355642132325112516333651266243661455556621431662635222242255535562341232
 64364456261424532315154312324544263541366421164234633363425262661145263145245551
 44412653462541655464611424262226656154423566664324124165514635514521153333211643
 45643324616566231345561121115431215446146625641665544556666332443216113165552641
 25662656512646266166466254341462161255235422336146116633366326535553365136253266
 56541161122664441111413421631546433643156256624124215551144122115413112131633346
 61666163516111651462666162426446435334625526524653142641113646611334125566342636
 42436436623414546241621645141654226652644214556464565562365363615612666416664633
 63652211641242632222662551143463661112265222314526624162116346535636656566621363
 44653153616563456243122123142366653252452431665413624226423652546153221453442323
 14235666355421236541516143364545256656664446552435416223542226634632532265143215
 46566144355142434616626433644441326233651465536216212154441114136652346465156161
 21225562662365262326256664664665116565644263612143662551146446246125622231522626
 15353466333246152534656131212133561636652366363456144656666263442544432551411645
 53346246255423666232426556544332556563461243422345516454431263341226466413655112
 52426663112335456326156344154232464363663626554515313246654366425154443634612362
 12231214542414222666162552111212535551245526352641551136341461145624152535513161
 61465432411625411216463263663631666433664655436546416635215416516552131426362145
 65651461231111155261232151364164662642166211416336412111251161451154363224366323
 14626144153232236666222662635355646444152464516565526626111536323356665134415364
 36126621663634252141644314142555366352341634341555542263566135563426554646264331
 14222411414153425313166115331441164444515333615445155156513661111544336163563431
 56255141546551645412432611365522441354321265362122254354413154321355666626545656
 65433163361123151651552536314213645254513515113161156321242663156664244524335545
 52414431616125664421163525362156226661642653353624123364123221642636624111336536
 32451153465462554446146262654666144152311156224661465314412662665362433431453132
 61632362561656366533116143356466552666146133163136346143461346224313321223431634
 61465645662514244565511153246524654436126366613363133136453335622455366216261526
 22335262525326454222242151132624246666142563432653166364416661315364261356622616
 25254524414435264564632513614536343625355621436226662142432115642233651452525436
 15513656256633155343316452234164635123636523136654214252364663456261444436641626
 46554614413641556523255132124631516216656243221162326222324616661521565412633132
 63165336621526511651421523126334644366352343223311343424625551234664512645256516
 33164566243356645326462226166663262646464122625446326431431336645622661362563321
 52224351313266661251326565126144365613643262166215236215616624342143336655163614
 36446231122556653315263662363645513425426665562623532132351544314556321366656256
 33636154236651326156166164622664356165466454516324334233634123441356126664445366
 31354546341565633535434161521414541225141221663346111421563633216321635146246563
 63435514666321242345152665433662335616465336343566214463146435661351221643566146
 66425632514253311432426115113112164651141666231314651561462113212161116316322463
 62352421631352661112643666255514632163265323462513616366114664356466665536166341
 41466361656414453443225134151135164133221152526154365161565511316622234342513421
 36536616366411312524151322613611664655524566631113631165255655645333125615611113
 11621546345233666322223123235665666643566313563434656251563253652545124145324556
 35152122336634616522225646324346144246312364664546656544366632636353213332621464
 62245665461653421632365556526245351131666655226322446225166612336443433411133655
 22133532422655522164435446635446652135366554335544216653646313261414133611343216
 31415662533142212515616142453335366166242455566646546444661233663662515653432335
 11244524646236425566343515631451564246633545416256613363156134213536412666536444
 44563161663413666636126662536252531146146466666552553342525333516523536466365242
 26553625551121662245114643456661556251635636636244654241515464552366352135136644
 22146126556234463326433235232564661562446352621343325531353431626665242166361425
 46422446612114614526636656621415346514464665265536523511462442266156425214633415
 66631666243453261632552244415243236225242566125122366462242656262624536616611412
 46416623111621112465455336366443414365665666161336163526445313643213662561461423
 32514441361555165364533663635251441114134261616436112461664512555555261566661634
 44614613353531265124163162144421161561125461411212522126224665665654655514554565
 46251163552341136434114462141644552561636263266122432161314366645213216125443355
 11621641466463114435346613331112263261346366516242666566122233343662626545526433
 22566361513146326516363135666262331366441654616556425121521536661616644631431366
 46642124166655635622325456416333326522126614411262434262233165426461563563233253
 25134256465236165145424646254526322646515336336143515261126561322566456112144641
 21641142621642222656666663461513666663164151362466356345614664144634243551661146
 52611461156453156512151131143142333313421311115165314321345143311151323463515415
 46162145653315313445125515355112612125613243664241643423251651251363153366666262
 66431655654162126425655633553663645643541146251213616463641341525321665661626646
 36265562615656312461261252145661666456636324355424533556664562542516463334652424
 66455444623266451316532236462112156622324533466521463615555656163644265541126161
 26311164662411164314151252161263224243132213312153512121241316122441143415146355
 45241316436431116124414212241145663133111654155161431262411624514121532621341256
 34663344336111534626313551515551146364616621663465336663653431544462163665654324
 46536224556533263462661465116514466361645621336566666635546516155615162563526565
 63456132613616316116266546326165433245345526556551466343365265631144661452336314
 53216536345131145524562625545263523566333135232614353544321146421661523635541632
 56533255262124213255551335421545411635544655466624462514345322163165542246666666
 35416133655153452235352251636662533445632446665121646663166155336564266433423234
 26126334232654624342214446652213215146462656341665115442321441661564433616544623
 23266421455454523265456432124366564445563341623332166633244563443116666223324646
 35621144513151251141652214561565361515361115134241341612351531311561321421335163
 41331566154225364546623256656313445525423145665351343656545566632514345652341666
 32421364144646126454232456556362533552266653565532255423361226362641166644233666
 24556115226255431446334646336241625436251666532565511114631544536362216315251436
 16221613656333262413343261223134155135323356565636263511523126423136666224163666
 15655136332263466364215624364144643455311426656516236626446654431665425566565545
 66261225222565654426265154521356265326632221665346256654436554464236232343333166
 13611344112552264111233466664565166223645233463214221661561346266111516342121441
 14414464442461312564441654122343613343626155115355621115426544144362563461161636
 21532364341644363552621626113654126246663666326665656651652356651615564152164152
 51455553661566656335632232536615643421116266144666462615651642536616611626624314
 43333131134361161161153144465162335641653362361416424621456266422165163322542513
 54245214222163363111342526166344651412123222541651115266265112566546641363436534
 34353262663143626623142315251633361666666262464365662122646633251241146656126555
 44556642625233256353241153631465143646131544161626342346542611414666513666265366
 12236122313444134114363212131643161112353121434245615321523111331432611212366113
 24556543254321464655616356251653331214432163121526416344252346662613345453665646
 66633351514463643166635223626516562126266635223432415126421361246351266253665236
 61113644113121155264212516223243253546246452566216626666612326543616624662141662
 44643634656532123125514611116263556132436312524125666366366216563466642562643445
 24153612633562142626165261535256654154346516613214614433516334222526353233134355
 45321661524235426344556263521325156145226532263226515523165126534436241124344556
 36216526332214546564665312666542363344366416664643332152341225453616336266266662
 25323556661326616642461461366561223466355411361255323463511451463642566341366464
 36464644162142425664531666536242611465164311443232615664646564655624434155222434
 25414161646434126561266611144435266666663625336215325215213555364353151343165615
 36356161345164423636654363163646563562535345616262266525134411266546621555345264
 14366162532551435326464121536361626536612166222644613215261116162145635144165263
 43253662612622126512316625533626235525625116311161322223666366313655456266111126
 52364563411431636564522433544552611466636663665645316452636414614643535424623516
 31365561332623316653424115365321346116242433664641263514342163126131654226515162
 22462625224526431526236111611122351452263645511662465415466411536564623316151146
 16146666541524464166416325421452365355322363632341161632564632661515236466652165
 14111351133231212125664541651552212231344661121324123511116255415142116666111234
 66456666615466364514413414536236263152132661536261541111554566325623136226361321
 65315453123654446642663523545664434162464651335221316651344633365665134422554366
 36325342634362162564246324644666621445541266465545251213516266156224661616645422
 46251432351255266655646533364511535661635643552541324211436121163642644541126362
 24634666661616264461144246664226511216266366316645641465253665555565525444464366
 54122541131614364235612241611615311515621612352116661124315315241331122323161212
 62225656522446463526161566621231452256231364244416325364355361436544566516232663
 34363621556612566135615531621263632133116161246142542425416536122235435444451365
 41663343226121343616552226246612162326641543566161645166613664113335222266446445
 32136636316621343155365242666532645546561563526224653466566442525312361446626532
 26465344216362213341364256232333262635455314525141161515421554164366134664345642
 41121663641341611512151514311515621111614142232223442523264355151312363111324646
 34621346616534665235545611316342633656646532221643426216331165366555552534655642
 23233266265623661455521215613144456665625416666134616626521624362352143514463466
 46531411413132261464644313643441335416656313532611316131525112245126125156342633
 14131114625253165166666633226531243343635453652461456242554536543166463231525654
 22635113455432632661214255643445626421665436633122233551355621463435424166152353
 66644162563623156521236234361646544243322614122663616532251245221535166346651141
 31213421445266242651665662666621142463546355262366466155344246253423666614524654
 22536254661415656245136411166451623641336461265112515455565433435612644664623524
 65443212645316161264654345526216653164261622621646434152633544422631351443535621
 53261343626361453511544126562556265232424342416651634436316563462215456613244142
 34566431266545656423314631234446126162112655443224545236253626622536636125552663
 46163611363354436422433111316644642243262426263125266566521514261465624166664316
 34614666636355315166565365625511261566452316646446325145646426546525454664561545
 66213666441414365123413153136655566155622153411313543151363242621625416515655115
 62666635342443524365346644444263462364121365636365112615342662336456161226662631
 31621455553666644553564364556522614641425615562246415244522464654341313113662616
 56363645124412136266561151351136165362164544656564544652616623622441656324612561
 45533623624215353346362653622146622224516226644261226414615222114325665516514223
 45215565316426142531311361613236646426241212115261222341441653646611535555655464
 25652625623316361344121516356621416661462622641164515555413364435325364555652662
 32116656126553314643311116364426531526521465626423654654513245221362244213665536
 14312152216111131154565154631632313511121133241365145653456443113363416623351426
 44233662556256516261263532614546363553631545426345464646126414333611163146621545
 13666662632364654653261252336666355244336456143541156165221126645451114652666132
 36246661162155513624322461213426443342356454235526241466426162625242466334156531
 54424456354556363532465163645613354623651335154336566264561352616312566512326653
 22541226344525555624664136634336413534451133516312662464266612453635363366556516
 66135553544112364623343221162162615463146446666366624236346455646414611555534363
 44656514451245166566544326646262661541216333643511565226214633212266366233426616
 45551461153313422342364536426334212352451111413131261155121664325653132344524121
 62666463562244133556124566322561646516155262615253154533365433426466265125216633
 31514132515156615635536346132445525122362116666562345262115342124636665165665645
 51511111436631323111621416213112162363541444511111314455416111336565252326111131
 13162633644616666425662613126266565661255555534466365465666525465254262646513253
 61431211262131446165261232451651133255314611156115535652131226242511342133242142
 36635251314232522666364632256563455263334656131326256642666645214634366654566521
 45322421314125411146624363254321142214334645426522314634252663616126553246611653
 12415123212412315252416466444155225131552132413222412451326124151614153216546262
 54122365211116166516136124144322624243664664664655561462666431533146436635415163
 41611111643126333266161532342526616626614225141366266352465556436322213634431466
 16233363151113145265441113142113635264461462165524451461665265451266536615115666
 24252352661545654531421231626541266414513656444126152164255132156621361656522224
 31346655461566556516564445666262326314152231616656635262661516632563261424524412
 65214463453446535145216566231366116546614341224631342216133151161135635451563155
 11222234443541643446164253456261313536263456444161611225463412532615625162135435
 25436265446512612564212415256622464364241622213362613143551542616446154155265514
 14211466553644666565212636461162413452326513162152562655624124264432554434634141
 26524316621336661256521214521642623354145261666114655665356344526153466266266116
 64364222155431335664514523334213642353451223355134415656312633226343611633256653
 24122153245556314665651266255426121225442226251646435554463144645161634656664156
 12551226423121535611314113411413161124161313366151212133414656256461161121461416
 52155436225144613223346425566545652524436242643254411342131165562643416323416625
 65412624624463666246162432323652523614316646336352361424656254436626356344216634
 63335623536162654621545155651466622413666665263544621436134263165236534324132316
 61133645255564316152513216336236232525333112432346426136653666621163625226451615
 56552556146631636221633661651435314451365251254265261451445511331666625532556166
 16653626461523512463145323231122626316256226561631145666122224425246264116155141
 44423334556211144552163161514611354121516531636325644344424125353166241224411353
 62626462124653363316433215344163255114325613242463436656413111425136556346664133
 65263133444566311265222211513642561164431611542656462662643246425525261352435523
 61651145362224166524642115556636114211646261561442136336113115626336334142231265
 61223634334225141163461613632461513116441652556564134115311456526126653151236165
 16111641615566561466664126626466416564555333363442342643545414354323666433652326
 42636223654312644234266465626463656561256516663426136665556425613662666556456611
 13412256121522166266145162163154435643554635635654656466666215556334512264666564
 53212161111565522262312611656464615624125164645664225415463433623415126626213612
 33664544166361642443335246436652152435135655141365631445211166363546351146553613
 65422143152612356113216155445663435642256346464364515523256646312166214641616236
 16352666563423523443136126642632566646625156432665362213166252446434326123166256
 16226426444511553265666315224124636561435216263513262233654356652532565316234464
 24236434153656233313143656325616323365664352264525632326241632664322121445565246
 42163616663263524626663442255152351651651266431123611345453261325463451566432543
 22156514133164534112141114151453161143451161653363511111531516215413162111116536
 32344526511433314623344464441464516251132215535236464132566534215123236356132645
 14226465341652564116644546133513234163526615164464351645641221533232424365113442
 66264666612155461542262662246366316615616114544526636226434352212163663563246621
 24535466635246356535113326211362635365366164131614424646666615261636565465161162
 23126615666325421366135635633265416466266126551616522314616326166626536446325466
 41561161133631623666532563233151136246242534535124666135456665661614531664356151
 46553321316115165556646364212365243464415215625463466326631156663231562323115645
 13144136245125341426641151535346653365361163536561454562645462356515235335611561
 36265452121346226642565355334416236664165222144646116544366636542331646551655441
 42225654546513646143611116543666622566252123426323523624461651652632646141313234
 15666436425513616163666626233563362335366651341241436321334613243465225123256362
 24256212563216446252663261626241666516665265232146245554556463562433331141554661
 14352146616354421643646135424514242446336254626613116112553234556123656463145635
 46146225541226121465344651344151655616453464316455262556613321316166634313634662
 12666551112143643446166462151222362346351554131315214643251362522656513551264224
 44332646665246324264442561113566232326225632664363641226226566312544456242321651
 44355266146666253611525656654661435254262161116466542236234534566314623131231161
 44166163455134654446652665164161466466644446143511465555354654633663566134646311
 56134552241543132411424616631665661345552536641212253554556645434566335561365415
 33116465342125463325165125555321631666323524263424223634412234226315146411136466
 22414154366622543256126232661612243551211263446665566413512613126465425534166656
 35466646236431361132515114112654523316233166225221361112422616452613635234655461
 26631662263221311664326624563535516516635256211361622524262544225266262666626646
 21211521664316235143333235222124155331431212125133461123646151661433511621143151
 31443631646146223514666624323455422624162615626266566451113351122313623114565415
 64222232466561622223524164635463665121366246331442624423616444644556515432354421
 22354554421125563444226345621662136415156261641314136653544544656626434353456416
 11516144421124116641466623663564154162445561361266436331121311126526114653113143
 21164366431543536546345646464666615434366454636614546344362662662435164632435425
 61114344533122255654356521263162264621315111345244613566125334654351421323361215
 16316311155643411454621356411312252113332236611156551511411633161413151314365313
 63544525621336511136266636466135362654455561542554463455324226656254622462546624
 63621443165152666451526663565223515542151555655623664663342664334111216364162553
 42431165163516121241161465542141324423343125141164214243131446411164521134631141
 62336643111163212665112515112262414361611116336525325416116325466126116216142613
 45315115141516421221132145236513333144641622453514526624546416633246623615153323
 64666352213216432314664461633223612536656261133364654314466626211353251266362531
 15546266661662636354464334516526363213112212314332662324665556416636331441661324
 14646435113643645561645635656431634566316614262642125511316242245624654635343446
 42423444361514365653446163436423655222551531251646312222555426613435612665163166
 36142316652643225665264663163165662123121215426216625314614213112324525645416331
 32652453164365426162665426452464652126425155626526614556424552241342214122563455
 46624665242456413634335415653566362651414641412665321161665235265463423616156346
 62616165522341116341541555562462553563345462462325362456326565643211544313452564
 34511433262665215362612346526253523665215414124653154361253166352541362122433121
 35155163362336513542644116412554352151321543424661265665546614341446561545116516
 36316162653316453332466116666642563312516146615241466211116163253414564461462215
 45266366266514155533212346461214133662611552266643253416456466163362542526646633
 41411346215115443516662665451665625152662462235416465654421416112626615144356131
 66554216356261342242646364266266244555462421445651145665315334141435265436463251
 55144514336644616425161631345364161451113166466322136233256625325463463663641563
 16622236132663422661356643623313214431443532163262226213564625245661634216316625
 41651221522346135221532562454251245356331564366211264433561225242666622661436346
 65121311332155244135335361234263665625651255662365131556662321511312116224614133
 36524564625115135346266656353626466146442142645462321215232424354351224321514353
 65525231412136455566231262536265646363423536464243155165251166644512144426265562
 66515322321315665112433351231341322264521651551461644312536613136365141141235314
 12244526421135164612126153614454661243224336636436541456646365665612233655651514
 56524321241636436553141625665334316636654656522466613665465221641433421616656126
 26316254665652624255355233145646666514263651142566225631334631621561111415422661
 12314436133215254365336166355346466641643254662431253662616433363166263511211343
 51656646613233542351632643166425412316366622265423415612211153524654513564613544
 14565116113364162342611312556251131531442112611155341511166124131125213515116214
 63253463365112324244526336361116324563122622653466142665523623545224435526614353
 56345116461655566233614565232446363114654651536542632312124261221421116413555432
 24654156465516551652422666532614362666645526463551623122665255514614561343212456
 42144343161542332612646356435412526253451535651141345263235665256164332414262216
 33653265665523422655125535155661266415365656311416221664461266216156666364234265
 16115345454414212162121344163563463331116551311521133311116316146412523411543636
 42413415445343224516251435131636211651536414136416445411325522553652135116412364
 42224466342531126323234166445113334663626162163635156566323133366155346245345531
 45324245551116614441354112564621442166634645636362316621166551624123665462154613
 34135144122114516615545652443656262665461661352152635423666144662162531621645153
 45616265163452651643125112616123524542351526614666312112362264556132356431331621
 52662212321666512636662624116264362513645644514611666162563423142213566263644334
 24324563634331452621546123446166532161463225263354331242416316261361346652466635
 61414644565424453516465635521356316663353614351632661453234252613663226421155241
 36365611326516166311352356163135164644665556456216334452352664463166446324252612
 34362526616346544512443651241333662144134661544215352546653616365411114462446156
 14661646246166536641216454362252541635442441323366326365613621265351634161123452
 14333123425445163155564666144364636241562446144452231626533153556462552615522266
 13464356665232662246341622231162422156145561666164131123245354516624521266265265
 66662225643423365656165123543232221442246411631435344146422645156223336366363345
 61465236422221132365215144361111341114146412516155111525365515552612311361551461
 61564334116665265431566545625655134566266165614456435312114612325663523421212546
 11231442632263652233465415562432555512614123311524653523362445513364454166426461
 54236556112563112451166621566565311216111461112341451342432411243414325514615252
 31566152324552222664544346164436566314546224336425162535434666646666344265511452
 62344116566463453466625466534653116526566435663233234663546234444325364236636342
 64253436343616341666463365122261615241265465421526456665516636616533543212643124
 62652432424315261535155252564262356522654415233266664522666325553424612243665215
 64346536461234516261414612423222161643522646431356421221513126425422114412456414
 61623114526463345656431666641421412613364233466245266266153115155346565221556513
 22342246556254611666311466246462635142626645336324355414331261353166351234656521
 46616432441516614641654342323436226153226266661454542266426652664662214133122166
 43652523421616366526132434642526614255526516536311223456643224124432263154626656
 61336233444145511621226521515415531444611415255341363244225665541614215345664521
 46153465263646631441165664255232136466126413415442442231555366413443354225455222
 55461556215255512146451226636165635613533351132335264315261216663563145363415531
 56616526531536665312131461254212162144136162662432645615622443543656352252452624
 61551251415152246114312456531231221255436335563513245523511643166124611634523115
 43436111115424446131235611322116441342343615441454466266221321264311445646463541
 16625546662616431465261631314325316163653143116256665661621442263162466613223131
 26425526563162312542432653256351223664542142362556612616324252363552235443563646
 31631653316436613136663243446322424412632665465161666263436461523263455645313212
 61126463322364612256633464664224235264415545236443446615365116431246616464216643
 16266636336263316266236656543163613665526546666616633416354654255444215262156141
 33364322666324151461216325322324643264464326634664114136561622266525254616412111
 21124662654264645563244114324355366655253562166644261562223641466364112351466353
 62151263556626546246365434362552666616365246223136665531156335523414433156661264
 61534641514245516252451351461166253641121656541566145113252252111415521126613153
 61623341666211362155256156466666166324463323442546264262231126636556216541165252
 66315521522514362313351356164214245121113464223464123111111541265111231511334113
 36256462556616536653244366611464311346424315166164361631621656311344316636446454
 13165151145115132552345312141551261115113124541126364225543631651111622325113126
 66632516262461561663225136452361263344164324364353664566445664613336644466126454
 44324356646431664551226122656443665323326352346625646642646614263634265613246231
 24662265155465661316116424336426116226634514363333233264536462363325121561121453
 66315651626156361613652164121426246635626624553643241356651622635631533425163366
 63631626626123615651223622251241543525416312662466412614231245211563323354433662
 43634346463214263424642365664141444161636251566146534664452166132432525442421325
 61656325424336463544361442564223361222663325264441161234412633353365454666524251
 66312642144462616555254135444563423566613341542416234636413652214553454616654125
 31424354651162446664365352654456421646423433666566215642236565436533465631226165
 26413625664446322661454565415216156342132466431526664334164525422446641616653634
 22145455136662135623624661253535632516421361463355546135254436232312143263243561
 44141665336242363516135452626653356346161615244425336165256244562536335436252624
 56355113626366542464236645236564422122324253136266662666312256622134355612214233
 11261121236221423141531142465666116231465411562161343541121611632666135611166216
 54133355446444633646431431462336133356624651354546513656615146643361362661615362
 42526466114161431556645636564611162632642342414452455241626416516661155312442116
 45652654624564453561221465665522326525166456124463425553243624245226626664565235
 66344561662466216162661336152632556235233363214224313346354446614436143412623434
 54211136412253625632112264531236151164135314666562113432215242141261665435134113
 45121443366524644144626443255631343416645626313626361344553335462633526311241432
 62425163326165356632452466532661222631253162526512646125661166111214332631113153
 46141631636531651313465515613336243325311363341362532313164436353614345463621146
 23453663335252443266635226233255422611343151325534326142664211642143266564626362
 23636125535522136345224566335526122624566351554416222561433165166261546464542112
 24363335644444364441416164264416135361155522146414544443162433335164262633146111
 54122331564626535253346543554512224346325611663366634511155426641364135626615245
 36516624466343362615566456263626666561336253413613462336256541421316331246516661
 36452466354415445361324264163115153313246561444264225543242553356511124664131456
 51444161236464335441136443411416553362516565322116113151431412461131312361134444
 66115152232562615156426633311246146554666256346155126162333346343221511435352366
 61661122356213515566531356515415514511146111451341235414455226116561616516565133
 66141526352363242343225215611336344315243361615142364164564631554224131366446243
 62662351634622343646164631645365555612665366423626525226324153521311511336261463
 54166131435616141121244164233451166662135626623634641356662231346235446222613266
 63621616133166612455466561116665366441454663553636466444445444263236264653131423
 62335663436145361316664216341616132521163661436556446166623163666151156446421366
 33641643142432336345212153262114316464661143366223644151361461132161451464613635
 12526655624626135263242643235656636614366151663513136313536313115166525423422663
 15236511432642551433165436526146561442565662146212411243135632411555625414611521
 62666361164334411113553234315314414333342664335445622245565415656362635124556313
 65221666531335165251663446361661412462445461266625123356215364334513646466525426
 22546561326643313616656421262214461336351344515165653615634154423545463426166616
 63654446655436663442614614664634222666654426326552653453143536141336224656561456
 44111425661565531442136616143626321463251221663631243143646231253212526541631234
 41544131643151361543436423435152135441434632662145461342515313426253235622621134
 63616266621252166322114266211616261116616625135166366626546621536541431433246645
 64466342324366354426552165652431166623145565523155633232626152256141455334116324
 15221311216324331415121521452153615646161132515646461554622131521325245351531436
 26615311534616152616445632115656641461453144141232265651161666652611656252556611
 21516514663456641635553131611612652533313551545541325626611661166351662256333616
 42523414513513446436644566161164246511251431665641625364213312635615624666666552
 34354614335436211662361366144326654354666442463453621646643364262626316243462646
 21224111431146331251164433526432553263226233156164113546121664242451663615223133
 43626622121434661666261613316553154646141114563563511611232616214561415426165444
 25615121211231511652324223656441132633653665646133364616264136243325513162666511
 36526436142655216166366466346452333365262366111116146615631465521146656114625626
 32533215354136233121622323115661153364121533446651632263464264362531243326553456
 43652331646466551664226664241225413635623652536626331121444565336512464662144625
 41653626365226661131426623324161166351326131121134215166411126226654615611113226
 36345266266222116411311312523366233643563414615555516636112342254541626266541326
 15551561625143311411321314426236115314566363635616151112665521443313162122316111
 46352651434511242551153325346453421565642322336514512234661636261241134256412362
 42255544626534551564261142261364562355646523261346666663212246526645432413633656
 36535645262243136663133426613666442246655162464364666242133422365562366116246665
 64311413644663543662662526416134554514161566153342542624554466634415124163161335
 12663351616512253655365665621461561125116666214562321616466436515516326226136516
 41631516543424264126131633614411564554531113522233145131422162142526262313554666
 64666632231344426335555633422431126123236253625451235631362434445446652561162536
 53445464536213146644224232415362626365641661165652463615246665156615561556665463
 32132646545244144514662552311563665153636553166546235413533512162616163656256132
 44415151331441532541136153566114545354411665141336533432121121511345116215123366
 54621133345536564416336243513536122235452235124454316324564146151263631244655323
 43664353156654163465512266111315664332536534233462252361362332112534616562165445
 53113242464615651441416626463251562615244534332366436322251465544644451234666125
 51612621166644246615621366216665145341356334656646342361211216614541565421165652
 15144265216216653632563513461562365614435356234536666256516565615515251665521263
 63111652636431262626116561616215516514666632642144644523513534315256545531624221
 24266546122552366144516611323364623566462646164161452342364524215464444536336646
 13131366141461231613245211115116422562416455612612341261411323216555126115666161
 45565646113433322234235124144126666453463635266412134536233545534462641233652622
 14461312656332162156161456541142521562151124324633552121116114366545164111642336
 25321521443212261111511515151154616162246561126236221212121246141141265255361313
 46611224342345453413331161233566456561125242116346663612625265242112223646156614
 64164365115521632144432336326616325643554225321534266422254245666463641363124166
 25456665312611646244262513212164631511331432516532252322633141524564636663154636
 54315461614656335621611225511425146515665363115616661622563645442222611536636521
 16412651245612123324466352334365335423536226322654322151313632465136461423455543
 64311431624153566436561635412621351414465213462334164166636626155115555366535656
 66665551453451161636455332626655544322356624632615553366561456233655613565246441
 25555324452365553353632346312324161623361511265523115242162224532614233213232664
 65622221442624215621141453653362164265242433153635631666354513112422235361515161
 53643661251551613125555535344321625264222266256462346121554216261611423532356326
 52354431142661661122365433455222446162216365363365524366524346412312532352161336
 11536511235666226462626636662662654625636536351216462364263352546232624566425445
 15633342666143655146526551335165551115264161366162154632154553321431256656665414
 12364461155411453566545435165565614354351112256435412244654333123541265316424366
 36243621253554131146561432151653666352366544246254234266465563162116245122536553
 66525464144453553466261453321546412156564221465635645612234311352466445656126622
 16166222652666645661466312263434234156343523426216346266325651363611534116441362
 16135656545564155231541415543654466264241626334156133264646225664512236221144541
 53662356361666341553414511155222521655564663536514154525533345426424264654136626
 24166542166631562212666213164136545423632415565615265125435131614545631262641342
 51663435131131565366316463436544633265662614654413434364536423165324264364661332
 64223666431641562212531226342422643332265362341461544556462634131363513332455524
 66345114361613132423646614556245262662332422625256443344622536355444666131333141
 15341642125643416266162224421522345432643446616526436641313364421253446613664555
 21364325554225234566451646324266225546324645552131166163134543354131163456324436
 36346551225453166265442364626563416354466244453362635263655533164632361264542661
 64622216653262555623633416516626216421316524663464656321361253163135156631331566
 64126145263462664562445566546456151664463631136516653522566444242236666252355336
 23265445211625141636554112525431161634465651456552441141424211216313152641111116
 54461644464536466115463524525452122216545221166666526661452226422533416231346245
 26116154365331414654661624541352263161536353323621366362145163322531663631253444
 64433636436661143233425533166545226463445334341653224666216654565544661534261246
 61256261165434211661653361315264212226236662412462556116146655365416432321461636
 15115621616435166142264333425335646536616443253156265531163625412264245212436635
 55336445626451666323633266152646362335126665155666261516325461331554365364162552
 61442463232365343662421126364434566646152311634323465566426162432416223443446661
 46615656566632263614351615515632422316365151266461135226666552623144163661621666
 63524324261353656366546631626626161522131265544462346232314265164155251366144413
 46463623333133436255364311642226265456661264546464123544636142651425325445611656
 61644236234422464215652553546566552364216552621342136213566535323542253231422455
 51361646523354636155361333561235365442324552144141616642211333152516141416522236
 26213433456153234131162654266121632264542346663366366564163114166326664221266535
 65344643254653514563124234116645362666313661241511122435135622451646466654661142
 53425221623166143612666365412526661563564162666366556415245426315364543242442362
 46611434266116645321635162221335336362626531414245322631243316131651152635165412
 34436443663566664662264664434656213156456636524223341626362156666315343235116522
 44146115113112122556111512543641366366116521123311312512151455624554415461413144
 16661266345236616466336326633564552561425146131666632463356635213452524221234224
 65233561344164222413115121542151115454622331164334155511656164315144636162311155
 54444633652412236633653114322166534216464635251143321532253462444165634426234241
 62555663332465164666332354661146324623346415225615641665464466422113446361122613
 66455224563534645361221333413642566312661244536356462524664351436461556663245263
 32214563231264233316266423232545665445661616432653662543156232626554442442314562
 62235433255456444161234464134332445111426164131436553211624246412123255163466431
 15626661325256461666315644526656441331452266635625545332663561524656615124126521
 65131321666641425316121523465535346362461354326146652123463136562521656614336243
 31342661214662234322222654561124141236251546662324435522362363666623636614513644
 16162312541631622225215566162523531662245241333444265644553625261366414236352626
 35121565161516636616232256441363165245654635621611533641614643242656553146546621
 63266241634151356133446224215265514431514222346153416431641566241613654366423436
 61633621666623613361621663235224216561561453653312413461614426136615663131336556
 26265366626533324122425551336221136665556422654355526364326241244142616551145463
 44163524441555161341236233663316626261634662311435556362662112163622664454614646
 24453632643142434533261562256221655231435641114456666144362213361114146533643311
 16124543663312323626562165326446356634333563625216166365131664532425141326621342
 51261663662435666413535426453611626626225451241111454215254544536526441216323333
 61612426163446321254365226553612662144143416231355615431415615114226524154666125
 26462432112623334316623323325616645666211362635256141462624524411266111241433241
 54113215656316326331354416634621332652436456312335362633525216242436562431451513
 32424665416432665544616644124446516266646513162546136634336663553563466446646122
 35521244634211556125662656551143524631334654632634433526415412653346462156542634
 66652622352556114653151135221566544635663231131436634136551536464156655266263345
 42545312464334642536356366533446512243412145542625642561454616551665336543316461
 65344411662646146662545166136144561241346444346236413223126633312326452315642655
 26231443226546662546666563652533456522144611511664553532126262436361564265245343
 21264465364446466446155512235526645264623466436363262642164545432242544113145664
 13466565252624131315615123612343512462266366613633414325516633213452562431421624
 65626466452663246326562534626355646615543633246212151333615543236126663265422432
 46662253636242153642152623666242131246431355453646154236434341553566433556315661
 66122654311455634666254215664634645633364432224514432142531233616412641363425265
 31644126142433363566626261616452556161164336566245136646636664142656666422461315
 11614411361164162151122161212113113554623623442151153412633145456145641233511116
 45516163526466324211345626131654535445626655516136253655551556232665556444224136
 33321115253116215143611212524431163213132442412216661112214151111521135413664215
 25326551356466442666531236652564236213336266243331214326324564116636252262615346
 66622644322623626534643144561536521615346431622565262566256321263364111653155334
 42221136651111236641644252115313645151151251315213211126331112466315413542114635
 66562535655235266641435635432261146223666523231134166553325434531452642623246341
 46625156622365333536631345162266251655646266622265166224624143666665452461353562
 61312664361566455223451416665214235424144222166511646116615526242613311622221261
 65115116656463654214216331441466261611565534122433143666633612622622666543254336
 33233636336431522622666214646522134436363235316561661412165646153526444666426366
 55435634421425666534223154614642414266631663462334656254654342462222164264432565
 53161455112251463562311653131656255223633151226466626615211365113635226524545565
 56346161211621314625666453233661525524544536666362652626231536611353636413361226
 24515432514464522115646266311252523356536165546641434354165212464622664563256242
 15632242663221523662352666413633416633632244326615143232163355626512164221653444
 51563662336122662162424562646363343643165666255354526165352111445631136635543361
 31541315516543335341222116245242421461241135462336452163621554121116224341221463
 43642344333146266122556613662235432655321535443345423414663115541636551533266523
 65535213424261363231264423264523265626366616635256266532151523143545463453346653
 62654152233536114542616333231436625223445611621365566412624666651363536326321446
 15656141536524553136661622155666564366453324661314162164362661646216244466166226
 36645365565542562416645655466342235664542326465636433316656612135634261432361153
 26246244625236613332465523631222136642444156146313542324616631133636264562416436
 12244524416512115123463543416216423665445326526231561144315235266566333654636542
 21624355161526566411616462346431413141646621566431531461534466541654131623162145
 16146121561534531234336536632443451313563646423556312216163441116141536123116465
 31161111565666524516523243122665614615663443324664656163465664454645443116342632
 16325554242666364146341364556626542326643122152455412541216166153215161413616654
 15651662612516236636666251155535323423613153665652641656664346162423614212511316
 62546435151666132423143213344112366322136226132364566111444655214236331342255414
 53654626424245556313346554324612266561533246614645161656311661121666142466366644
 53551412412513512526655614561236414545665146336566365155534556426663462266622662
 31346613466321226566615666166242366266435356412451241631636653162611653411441566
 23526512466665666144364431511463644424653443231245565241322456643315662335552665
 45161223351344665464516365554221636641315332626465646665443664656653613436522556
 53243616315613561251424465543461625215235625364312454123666236326141554446266636
 64365653516421424512136146531431111115456321413154411416352526541641526452532251
 21111146322211315451326612241353464611533164234113146141465524113664151411134645
 64211361243664454163233356143663324452465664432636253516424624245613652541213316
 34515546241565346643126131461323664451364452116663264216255366666334354622132622
 41562516345234156565166262463566656636553415622662461226465645633535413643344533
 63614643436131363144326653336534125412645556616213645533255641443114361655646666
 43636144636664215535632426365212564361664653364156541613633343523253241646265563
 56456631265546654361354263633261135631146512416136165514116436432124221661242255
 64635246161634146551551664122636323136646642446224262352654146166463466363526442
 51115363616515555113132313241445466226626511466211614255612651436462355336516441
 43461262551534414642516461345422651666144226661254435264236662246236244665644662
 34144466364561424342626414163335633362131566642365466431146463255415526566553613
 52524531566113554335324262562141212665644445123456116436615121132321114441353511
 21463344145251363463146164455526555212526334363623121136464246124645126642266552
